101729567975165968194243372948294952658979208561791202914124475539454327462756335220104830170446764871180560434788573319712415758602593627068725807232918128202686695064262392525373713225155237522188216609841483481155996683567334029328722817221828626893901342166030206837228996586276972653561871734043789977713
102225365136349088891318209586025680847391252677906980023116414333618552375629242240186989756565790476172340408725075566806749747361549969354349280469798626375543399754000803256134866770265898500196620085191832514741715593223621603447910567456584226486667515086634918431310261043369110070503514445640714017747
108127175408463303926389342324774772424052491147476321552077065581607640102268717883847860574520130199479139838104704191962731552910500926935834141815645705262395732215322816524680876828471150277770516071220938992079293420354748437542834774103113428127436088202156413608782422672231378310090921575130376183219
108717964483324964985432725581688649758161952994118857689180967294526985182497032448370544833616761445835618641988483063955619616475989983064421514925465533168366642871507226415133140494524013699209467252200207801141032220689940377117109064734193908168037815058772500625569103108901146165143781930808484245153
113551792350016666053188940748619958405553588950302984676442971792517967122223760963052054465069807866641838566230124145094788299338900587251903460645872749486429523239302967157706605563270657715843443737981866687652950910356923631710112893081116899390694741724971032134775616646338658762249854960146491949023
114166543522627901604699837980719690160649273502276761120106252055462040213217862722460395769886989411143014225737638035647945826252768676408102346213860217385232477723547765882118063417968901181291569172073765218641851680658938448365248068549391584018884300270322429481343027632965779755973900648360993819669
118951938313908832746165661254462193683927489840659874985734772445705784693666519418493460864722012504001709116178165387366998816308930318781868659482256250390459709533407846900316309884967153949351541014702700651816323878443742563095951810321463605861773033376016777869424684774111990990985261126878375911771
119033618743133405920323442120225745467169676011053596831522934249976819213998602882040417742323483061915249503683109054580567475387240085404422272634768202338763943319858707806368623389773490357747859994167909473026009730273714992188657789755589779892191740413899463781982125886131423127318028071195752553179
123817085171994984961696255659180470568506793196297705603557235642398565733355430175866984580714266218366186263915735126466886702196974443391515529005782751989949763018092478054078060795891882090925363905942448438294370247375464647022243738355153722605130270772777168338781585742810450482918849641847807457413
129217574528693754303127923817623067829018887730907379090950753181173887204373673505141356865221848786164693709564919730719409467301105324640605697968041192954066711622501911905991736981272456230760309165242440190477342537344540294936925953954379342208312468698636481747343871211751649000900395152588138178237
144729792019848488199812150741476027248539799554911432306268150392220907475825993437783350384559890021243145099198029081359836872201644170718168705908874835210277271559452841638944894270275715759873768989660715763511683008960911016688485234271859221378556642338606338678907629239171078353711437872605597614601
153307556437070111105580630587149659766208847296249223001538120283208548223249258697819921367857620300972291016021329613457886677071068852600443154736296970922373569018429671749214419571562555448869777349506468604488072178777753293095786156200627285866317801162471689894506113341977740607829318937996224763251
173262226504477542152912118435024863367997118377583208267235063609935592076511171976605450370662825797469468769555884089517769543383371694528858479140533472676388723206290992010698396266680487634365410723652235621183333113144976736253003036670847099081918259394908146624061917357080388209541667601188368081301
66080598453642449085840161125301683199293882599230685548366399241974921081754971705203639491524894263533111159344105880765759342594560165653718968806665240000492314025498822572865018221342920509175012234823716932380817538625147833119909943945838151174817737330532543970177198255735165223081935603630840313227
71048121598960085267072722111945980115230961069662480152678033271007538354859753500186061811101588028547034614643696832735206628747952859332163623045186892437509857449800422807283647134883315773120566201032530556844624333841577993422690178926486304485391842811388111910235904532211500139662137883716809477859
73728476890278361599996164500116293208171689442907162250131500577797044361178227305889589020513638523675039765398334292421441264959426146550179256583497633335006221198430952506619987349586128153117931344550959673768640213621060462704389518990729970183308504590867142300543140249574073873588309798866375037299
77214502086728714708500920890707803668861067372248235014339943281343075097157875261790684222773420698806229179962512039550961374406946605931980109946163576993379827763871400575601774883123054128149641003464812391978068674594893402933120059455030567306847278340393751886835213803231921088380445267952228133787
80463600377110088721962572790650358806370807934904692812064597607077184280503076852275368051564985508958388645455042793409044647042198946147996368650865293822240756214372779606582104320410490421319582753624175425024118219540736674974281992034982368869989676067704743986970724121676904613494084592342903744147
88470782186870527571417308012505979185174440462050976305045052379119223984379686856459639159108707272379021231474655897627602385643345142458772765544994136737229631393523869441283136468182048676337301416450749339932190184593532445102921437238434526530470207027546175167714317364679861474129578901441845608493
89628573797555392870739096180843437913081964880370721309002200647716477500266791855195775678378974828372099076515548681851326281141615125400012917422199087936112108835059243877897552942551115420958195671600991755278956161049676292093477599987565233511996042597461375936790686401440900972869706138417536124219
91059908706879911458794061841519210162983962523676489974093118292186184799335203608726643468117600532810209202072836138610640690791553784506889917133995468150423292245747190697759881114329501643480904989329555359383257960778514449084689353359169897748570990010449367578340789380658868907657326500474677364221
92991325506704464911838440066379601527501098825717562407196567387945936870884800160424729263067915612211944741128900052492075922002400239974280528944517316006393852916411577380057715751193969588355227045101918332508252245113066525129475414077899406260030091944200860394745972616413165042590247674821892579537
99727321738999727685754539572377401858952113159155710746466573639668806307458016167350287295939590137532083893425225897887593948435600525055608697451244357386903199016743966985582525206491138077742505901246633107007911101875600685781515996233747607294451622509737085758258101034333048624653359336596865892987
