102515797993281277236432700206817176474271936522143867167046744600309447067581286440915160418167650601275138346697227599301369402602151218252304545052660551854352733833508534369488741559682579320012167633317477602221396192188131795669205089444988328585821653479081346692328102035513730379027666872808042176631
102910060425861784779792064187506821427812087295528095574738514885563162284611560367246257007383156869631044024923723004703881617353687019751205649246793392112233477854385421661601778530690583481888003761598691567516748660018461259819515600547187924356796889153610349688483664079178968725405659656114173079391
104062941593878999157744070503138963050542637303488273547841888389127858932402180488859146177147550624506286765855522150046463026319215723778425202462034246741864033560027942221503002560206319587589154248014801244088375840583229435791699293056524432798667779405007301565076457671532433071532348399726483089613
104571518879626542066718946689141633482334778527856717644288623072432363733473585643695752957257469807524315983002211508941476723943988883486963161089579632791564002240075263670381654555978415843985239265813157378093925713546997594723011979133620890981684146620670774430738026847081695880967875362608688933423
104765793067047843356303731720780155149760817385620330236724279267594849443112611876191865775161273381233905489864906518749408978114132003783715621405699185664310448296470380243579476568150870760664966245440706527136750967200678561009547031411691103235648205251897918670516341814825870731707711104535102671217
105117725537141047603358972511640063399547241723738544932444662492173722733971452674657823136588290050509145786743465287182541291093498060615292816904309882593515821334305291327521075792643671859338518321981317946554725899800330954266461804683826673661395608706583559596193738469723696142681371688778026432033
105295606594987845165255858828666891311408201961435430991188102424045497929542336182424207328950562170924295496350513410307787346730516730050009710861322413053852638186405221406796308078935391416550932837237157124623340695404051178988645174302001452495755054625501378826266696651329364661521057200246338023581
105320409800470740763170286700214675957266369073132911226584546739179204309690310618967494499300971146650877848372796501792328123424066368376088778167536407868496255223763321951444852086367469192783292337272304472591142248005824184787420888226641383722486443334792505234047597818709205351089968231559751277497
106373029552372682810952263802442131383014610706893689159811205883745177747265178421505430829323330044927180169902550451577262933981053523033506506047634577035063355793477839648752563642889375155564120764390667946341412291652614842169732296826339914600055730041272581829947153918059862423716505648406589386891
108253048351123936283471706740919838018629859027241028260915353374637211988570237867134975331502860384708934660910979982359371099417246511988276307076977648473988438345649668097586336764226893102851579367457759065836264724022529611344842235658833909900185541675291990395702150433741597914618555195083502143361
108575285941130159075894184482527684311359002046319438766195463450455740211838797843299740722811050693602257703890407909794503432098337795478505116757818207557466161995593007626838887798533220406316322467279659311492486550664311061256184680188803189721913485002881418648055626815746648375354533662940902187339
109388091573181422462833609764454547465774273715497131249740992865834470315739412152415345738332399456613682178671662139368582845627553203549182284688298913987017225793231108735185078853105008208300715368770603074553180255761253270375591134673174329374868378272682846285106078437198811462108301561643136385899
114637737101360931121010153811828800728103048873411829993719554985096803176266106238419344318454844941162553803439009958135221450521072325184125967349425701565823742418273249217689650177670831274780413162240966370662182228619473369149672443048357620121503444065512020550671243930756529377144065480027412949101
117084230197473146777091654920329765976619879347283092224324030929709388465571359156307525375641628479019738106826316490581056997839120494246817581623682940444776038966276950284085387334822980101045580871731833965948638081395315187673893118180606811434430440366987658255470502966510402212656922946811702216371
117236936922160407038064846191476527956119938662134348997748890738090359622002277768579786944466295836154129196616560582497151514168161736453766603511577771559729948214687478390843235783670330594291231029352017950861879472884307396238228778046909009074129733201081629564648537223217032870068364791873550135167
118375339839303665927915810570233633666052169945933263274301650458089925690324414660710972322451295707882833141335830032110095762753076634746849363204427919541004140337468568355206375577290435080688395851701680383646099154810203522871302990040415272111288627009103340066448180773619951958936183585179422188309
120179378912191096699555841395772866393428098893962696357673558385941069510671810908965389739994099244830373877241358171724829657015925034438295444114053599622667137174279840164761768193341291625353466413571045670533420455344765427697174307904155464661722946054428550138956845390692422987719767962128583841879
121382499762018828935479056019174776359614053798920088886171944151749854650535441979508266659117782467194119879042365283478437781314426033111342236354986645917208041086164021416066079359003752730439362819074468333348577265258763639751290481645524252317390153896954285696392459395748073170663107132768363388931
125872886612891135616726721611793735698204640858983520953960078906440685787822008447897232444940660037791134304628746734060573220869640598851586813832199442883657716665441187969890391072671728469161264874232136931341369911367427405356769694618589432266974307421879346481224664770179782874981713315575596797331
129326747822253535058313134202023951453820931472970866194532396068826944456955973362483654831649601870573699687216325946678265853319392524941767380720363839731342971987055920156979211341705949485145340055863949543332364470169084534518299769696176166738802340477815109109118391602863337934525148558997711948021
131973220263665439943232150023767427493844406959075616923978821642493742343745642140385888122001043380147622744168639848973824436054199039195546157094529548121784189176677813411270426288925846014003774109898956888901460724429830272775827658877141327082478874038918151109055074249540676936158534899656888257103
136421867620353130399484841360275797427828919077383604522927080542251739863368298847318940479872288905530663239757755178674414935397667050019698995582577350889665228803621791396590983729388076786989112059043153754720269490238253395664538864672251291014637984376897471137920878076540484351004707269261480137533
138074144380086564454734418854111041002864188480283776372797014154909058818453256499324346638904619663881455482122176777717463781499337351757911925588460221036455874478131722360889640930126931582157258222453820329441539032571463450784385059055236191882213810775853781759477991480869052351492687068905741618231
140037154451508263722667423235514798007108919658713837531125159272327133360759971061582198095903275418276428183921540701585005634348925410874632228537486697328887381191614961774654919799860935103024305134229160867658338261391383685243370308265050638017226636394334568181464067471525458366887129960724158518349
140530241704560021988417808085678314746705748812292465558578989027692624900331069839285015936422110490435856634501644955121893488713424084468701649615506657939264941862777285031796454462520371966261402354087621989533993665876494974122119939241924173183071929766396096631433057219931016476426822920362012142507
148957172982008695649414517948233617953134706465681867364753765356869696377380055453528639159157329344871100348218521390834007744081082297365000358009823369030207468190519584360382672877506805143602988055122424582314723748098762548816480565780937350614199412185768064011099464954758633968330101695971827446563
158539398130781595960162714052792706251967897236748423462721854102212304058470627029186816357470113728949208492684281314342025363739783552571688280382909930380170658060617627671198608629018975214965034230168742038230123329728668595089187856979344117219439033688896369739213809969989280056223086607317374238493
159731456105712584889078745218966158968116874545502217597047382283437684984566814616180900628775816334217255232870695895933484929084495863262853725906071396294146415388607098843905084163169994380303326854175089987890457415287147010387845401925665294610208338536282766223261364460252896893033330574859738093703
161073566367903448923634503501443713953334948892774677965974980442603692436627877297959123153055924960866308868567187377104106548450945405107422321577435475779930350940692995836585880649835459529147498995095516638267803933685775601878061547157589311309953640438209105788850979844897468897110303472674508153697
163093141529367770252075298550534728800084678735089109497098132363673060250999797087656091741702154640161861288695809125263828561969800270394509247214785909559891040053024869954985038607887113811296760087019798701112665511267420033055813549864838297792525464351788085506117154000658713418115957552906197139653
48184963931784109084247182230840634777171259169941654231458169576986396162378827524423642653638757165218345030422655123079459959449929401159755942860381102197512276337015948668996185605454957693103190380067127402069811655725213048887890080304011527559052167314081845453680330478875587238916793302306321197479
62553665668304463381576069606930708971229201849297655942358659962234226150753643577344710672225949422379029601829801669923502736507475865249418166677067163091671896639025896811996265062682020094874004818305140144410745577169792064488356581809964966218302001803653246107163889991300220057906513621561350680669
62625354256463267499982641494768210931869678138396940120250687941315166222525051286465171290450698316902860162154134621500879835613589273692051012445046153749606669997706135042221531155195609099690527035438341894003349726552778326087325857264831694386648078943643587872220547635417560939227662049807936405043
64560188022061510363316177893009189370559112811247400321597549410655467037711947892205821730889145900624731698451797585631131530279457033760364426331879141414561430116602609794248597956252995588713206340103415002309038802185144898259450462262774141592959792562663090303864539333592808546570047216563327041259
70439205889832070993742574727672395675865124600858241095676391011257305953277612914514670513422252829593579668007728621091736956555855810465183223704703110787233563321998198499122407326142734468353140885211655836486419351642004405957510442456021820356820259295945423819163072436518589465008418675833145920521
70447704489395526548330391606046026677133004452784555847681865249642246142343696222803772948687072378751154545322417181915151277131637223103125790841789292284548411352463169186092807737102239522043151959922947812622673264961072684710230408012382035710188631128189513554480284000955191624741581562444349115083
74377674780533678791215403963086085245194074011406805363858386148218492518200205117301367115930274307905691601380900585937279639712611844404416921510014372828142313089541835767737521982172254576107727208214555398976860519502723004528559884207556653146300867841185547531319614527916511483160531207613950448819
75722239053945892370066387470989842509676261802338531645340591070675734511824224659707978370718278772868207061171193552137431572307861240275958205296438106359842650375841381092810432583708534365755070218790264009130943381019260195016588813850529481693289606561513675340165702163407208103643510936227759800223
75781582872461298447864325665380853604291828910123881697895997594448549576165532252795009043918738936434846327266446044686574525996036094779715976913950926385224309262261111550066952876199540604181964612376493613754106993464685279105720891359597280452219841796573861502810666413515865621772816915555866349527
77487262163158136295779851458536104742181964632692324462778574345224632506246371116650751738774569085497364713743481413677751116827880694864315327319585846230022582122400355474034722023554874936425736311731736920312785221519419497693553498971705980270318871352045997064304427991516545896856453389155565920603
78391282597988074299570524769100952311617178760612944414019128892250588547071269190755940356560095886057110839654370989780071098353232009841759570102540609303884754536123964896042547376769023125847763708304467437095534635136160490170556563887855449159977827632596617347003133328500803990609824301936615190681
79960903176557136666837644501474843955489166071110382548805544186103439436916124607636585859570831014973681262383270355354259977734100537754312993761260389040134179288234520754806823649621467038462361862113376166103480810630400047858090508651842393961727442931254207365211060392179478279950243880080536960159
81049753652895593453231396435041378334397003156037369492234061476172274287584615938826389562986284913738246387494827546739397215968631521671268984242806591552876588643174527192537875245399710149646288877692546868283780577775921797036839575403484800651696043510642751926268619157228506409591350597337464349887
82516873673245997657843671590193580984396656569232186177072596566464512408116790546428159543508887094898027852344557171021658606470160114425754947797191254911636704500664746873793768506981904552714513049654088185399493856327643901090163825418858200174594161166309861528802048741952578963323009451713665237419
85685560898153751147770173015019128945505634661019967009999266346770544934630226794970580806986890106344199113315329866389828864005697081835300930653975135187251579270131785855803190953895748722406698831080382947348426987849703062103265194866184497031806428041411317922937429737227554660992921975969827345101
86001204375139247936718213501173282023248918159542877980239108430589031373013118570589863481332215321315999650278322860497885106000679738922828432957366632627170809641454615822836771717508949941202397032968934831005981648864901925033720504980805577427143951196243813463300865756264309015162024303842985204973
87563691382017194736349638560495904887453555149769329115282763258546485673262052241483776556674142521957027135857431981847570138271184491031524806182268445501082675765223153652516424861166279141964363625374289258705109338006804725884137297952510152023005128281021899844863932438604967927229671517269166420299
88144498553698481697754040913184958849004253179394197137351420556655622608664867906706767336279223255266085215631718151054178750205956971947410433695779254783769476142653541428341710552012281541230608596385375883088746598598866314534924409362644822754685887605506393905377137164191151991991061475840152159613
90888242235815501912471205125233416929876802917165902660624856138376769364690187444767493959158361175539735266692046094650114148378122892954327934420917301190946634714462560438832438305018311558411939849740665033959044542989372312069030467522254276259583727199052124046283302559357502663677927523655288698621
92107909143973142162132765065630456383034934332479993407882779533101605779241492441039281680563152034560613511871196826715459446336371128502298722987012056635358008309383751978594197726509650215166906423998016421794531890736214446869126836993210713754170385013530475049404664388085542929728158591712948123091
92448245879242512557472047937115923566191744149184393604229840631434600151803807033480502468249659173016609924452906020623030193815935552596550765896521992918236385901309915464144429894868298784525684316901758698268782459752910314742248628338331517736712157711559644974709750427356557311828154611911080396863
93658572174155177551592710288671080298094418635701220387478502044438273492342912758722127322547458031049104907257958797101793473217058885392452207161609960912819011257006737275167900670043549078261615869963463463706710048570807581412374031449534408109828492570846679466375640974719103360414346589647432097547
98084724011736316113315414294108584568284623675162334518240738842483907812296963000749609918020347064784298948950363403726152341598753136342432994599911452738462225874840468581907096256827466872034818127957115613221059825314932072854491571408134311213843593912641140090631731181201580171605874361664563935927
